64,52
64,51
64,50
64,49
64,48
64,47
64,46
64,45
64,44
64,43
64,42
64,41
64,40
64,39
64,38
64,37
64,36
64,35
10,125
11,12
10,133
10,155
10,107
10,113
10,29
10,175
10,305
10,2
10,3
11,23
11,7
11,17
11,27
11,25
11,21
11,2
11,3
9,5
8,18
8,7
8,13
8,16
8,12
8,8
8,2
8,3
12,2
12,1
12,3
58,5
58,4
58,3
58,2
58,1
58,0
56,5
56,4
56,3
56,2
56,1
56,0
52,4
52,3
52,2
52,1
52,0
51,4
51,3
51,2
51,1
51,0
38,5
38,3
38,1
36,4
36,3
36,2
36,1
31,3
31,1
28,3
28,1
20,2
17,3
17,2
17,1
16,3
20,1
16,2
16,1
20,3
15,3
15,2
15,1
13,2
11,16
11,10
19,2
19,1
19,3
11,8
11,1
11,6
10,290
10,278
10,268
10,222
10,198
10,76
10,28
10,1
10,10
9,1
9,7
9,3
9,2
8,17
18,1
8,15
